0.000092029,1.1196e-07,-1.09827e-07,-2.05838e-07,2.11994e-07,-1.53143e-07,2.75001e-07,1.3809e-07,-0.00076699,0.00268447,0.00076699,0.00383495,0.00230097,0.00383495,0.00076699,8.27498e-05,-7.17203e-05,-0.000137426,0.00013721,-0.000100598,0.000191593,9.61638e-05,0.900158,-0.780263,-1.49456,1.49264,-1.09479,2.08483,1.04614,
0.001581907,2.07974e-06,-2.01517e-06,-3.78497e-06,3.88022e-06,-2.81171e-06,5.07619e-06,2.54721e-06,-0.00076699,0.00268447,0.00076699,0.00383495,0.00230097,0.00383495,0.00076699,0.00142228,-0.0012327,-0.00236209,0.00235831,-0.00172902,0.00329296,0.00165279,0.899077,-0.779248,-1.49326,1.49073,-1.09312,2.08159,1.04465,
0.011636972,6.10039e-05,-5.26329e-05,-0.000101501,0.000100382,-7.4454e-05,0.000140766,7.04938e-05,-0.00076699,0.00268447,0.00191748,0.00345146,0.00230097,0.00306796,0.000383495,0.0104269,-0.00903423,-0.0173343,0.0172846,-0.0126653,0.0241164,0.0121068,0.891781,-0.772396,-1.48451,1.47785,-1.08185,2.05972,1.0346,
0.021636962,0.000209253,-0.000181419,-0.000348595,0.000347342,-0.000253859,0.000484454,0.000243213,-0.000383495,0.00306796,0.000383495,0.00306796,0.00191748,0.00268447,0.00076699,0.019308,-0.0167241,-0.0321359,0.0319991,-0.023428,0.0446049,0.0224034,0.884524,-0.76558,-1.47581,1.46503,-1.07065,2.03797,1.0246,
0.031640052,0.000446915,-0.000386913,-0.000743734,0.00074038,-0.000542567,0.00103193,0.000518362,0.000383495,0.00230097,0,0.00345146,0.00191748,0.00306796,0.000383495,0.0281196,-0.0243484,-0.0468551,0.0465895,-0.0340821,0.0648817,0.0326025,0.877266,-0.758764,-1.46711,1.45221,-1.05944,2.01621,1.01459,
0.041649103,0.000771568,-0.000668716,-0.00128555,0.0012797,-0.00093632,0.00178223,0.000895031,0.00076699,0.00306796,0.000383495,0.00345146,0.00268447,0.00306796,0.00076699,0.0368637,-0.0319091,-0.0614955,0.0610606,-0.0446293,0.0849529,0.042707,0.870002,-0.751943,-1.4584,1.43939,-1.04822,1.99444,1.00459,
0.051651000,0.00118394,-0.0010249,-0.00197379,0.00196148,-0.00143455,0.00273119,0.00137278,0.00076699,0.00268447,-0.00076699,0.00345146,0.00076699,0.00306796,0.00115049,0.0455296,-0.0393951,-0.0760386,0.0753931,-0.0550574,0.104793,0.0527052,0.862745,-0.745127,-1.4497,1.42657,-1.03702,1.97268,0.994584,
0.061753988,0.00168809,-0.00146105,-0.00281586,0.0027963,-0.00204353,0.00389052,0.00195531,0.00115049,0.00306796,-0.00076699,0.00460194,0.00076699,0.00268447,0.00076699,0.0542087,-0.0468891,-0.0906409,0.0897402,-0.0654778,0.124612,0.0627025,0.855413,-0.738242,-1.44091,1.41362,-1.02569,1.9507,0.984481,
0.071758031,0.00227295,-0.00196731,-0.00379412,0.00376425,-0.00274969,0.0052342,0.00263189,0.00115049,0.00230097,-0.00115049,0.00536893,0.00076699,0.00383495,0.00076699,0.0627301,-0.05424,-0.105012,0.103819,-0.0756821,0.144018,0.0725007,0.848154,-0.731424,-1.43221,1.4008,-1.01448,1.92894,0.974478,
0.081760883,0.00294303,-0.00254605,-0.00491665,0.00487219,-0.0035576,0.00677076,0.00340609,0.00115049,0.00191748,-0.00153398,0.00421845,0,0.00383495,0.00076699,0.071178,-0.0615221,-0.119295,0.117766,-0.0857744,0.163204,0.0821987,0.840895,-0.724608,-1.4235,1.38798,-1.00327,1.90718,0.964475,
0.091654062,0.00368839,-0.00319057,-0.00616651,0.0061056,-0.00445494,0.00847835,0.0042662,0.00153398,0.00230097,-0.00421845,0.00536893,-0.00115049,0.00421845,0.00115049,0.0794611,-0.0686575,-0.133336,0.131434,-0.0956445,0.181965,0.0916915,0.833717,-0.717866,-1.4149,1.37531,-0.992188,1.88566,0.954583,
0.101654052,0.00452387,-0.00391237,-0.00756988,0.00748836,-0.00546086,0.0103923,0.00523086,0.00115049,0.00153398,-0.00345146,0.00613592,-0.00153398,0.00460194,0.00076699,0.0877622,-0.0758022,-0.147441,0.145124,-0.105511,0.200713,0.101187,0.82646,-0.711051,-1.4062,1.36249,-0.980982,1.86391,0.944583,
0.111671924,0.00544455,-0.0047075,-0.00911807,0.00901034,-0.00656732,0.012496,0.00629174,0.00268447,0.00153398,-0.00575243,0.00651942,-0.00306796,0.00613592,0.00153398,0.0960057,-0.0828912,-0.161485,0.158709,-0.115282,0.219276,0.1106,0.819191,-0.704224,-1.39748,1.34965,-0.969756,1.84212,0.934565,
0.121670961,0.00644591,-0.00557113,-0.0108023,0.0106647,-0.00776825,0.0147803,0.00744389,0.00268447,0.00115049,-0.00651942,0.0080534,-0.00421845,0.00728641,0.00230097,0.10416,-0.0898985,-0.175414,0.17214,-0.124922,0.237587,0.119894,0.811935,-0.697409,-1.38878,1.33684,-0.958552,1.82037,0.924567,
0.131630897,0.00752309,-0.00650094,-0.0126176,0.0124454,-0.00906005,0.0172365,0.00868425,0.00345146,0.000383495,-0.0076699,0.00843689,-0.00498544,0.00920388,0.00306796,0.112211,-0.0968112,-0.189203,0.185391,-0.134414,0.255609,0.129054,0.804707,-0.690622,-1.38012,1.32407,-0.94739,1.7987,0.914607,
0.141665935,0.00868932,-0.00750783,-0.0145861,0.0143723,-0.0104556,0.0198923,0.0100247,0.00460194,0,-0.00997088,0.0107379,-0.00651942,0.0118884,0.00421845,0.120249,-0.103707,-0.203009,0.198614,-0.143864,0.27355,0.138182,0.797425,-0.683784,-1.37139,1.31121,-0.936145,1.77687,0.904573,
0.151666879,0.00993173,-0.00857845,-0.0166843,0.0164238,-0.011941,0.0227158,0.011452,0.00613592,-0.00115049,-0.0107379,0.0122718,-0.00882039,0.0161068,0.00613592,0.128188,-0.110511,-0.216681,0.211663,-0.153171,0.291212,0.147178,0.790168,-0.676968,-1.36268,1.2984,-0.924938,1.75512,0.894572,
0.181628942,0.0141237,-0.0121906,-0.0237841,0.0233428,-0.0169407,0.0322194,0.0162584,0.0080534,-0.00421845,-0.0164903,0.0184078,-0.0145728,0.0256942,0.0111214,0.151538,-0.130489,-0.257119,0.249991,-0.18038,0.342823,0.173533,0.768426,-0.656549,-1.33662,1.26,-0.891363,1.68994,0.864611,
0.221626996,0.0207926,-0.0179273,-0.0351283,0.0343364,-0.0248567,0.04726,0.0238801,0.0134223,-0.00843689,-0.0256942,0.0264612,-0.0226262,0.0429515,0.0199418,0.181693,-0.156205,-0.309885,0.299363,-0.215138,0.408677,0.207315,0.739402,-0.629291,-1.30182,1.20874,-0.846541,1.60293,0.824615,
0.261643886,0.0286472,-0.0246756,-0.0485623,0.0472695,-0.0341318,0.0648745,0.0328257,0.0195583,-0.0138058,-0.036432,0.037966,-0.0318301,0.0602087,0.0299126,0.2107,-0.180842,-0.361283,0.346708,-0.248116,0.471079,0.239513,0.710363,-0.602021,-1.267,1.15746,-0.801698,1.51588,0.7846,
0.301624059,0.0376313,-0.032379,-0.0640101,0.0620421,-0.0446803,0.0848968,0.0430184,0.0272282,-0.0218592,-0.0498544,0.0533058,-0.0421845,0.080534,0.0398835,0.238521,-0.204365,-0.411243,0.391959,-0.279273,0.529946,0.270082,0.681352,-0.574775,-1.23222,1.10623,-0.756896,1.42892,0.744621,
0.341621875,0.0477091,-0.041006,-0.0814351,0.0785912,-0.0564438,0.107213,0.054406,0.0356651,-0.0295291,-0.0648107,0.0663447,-0.0536893,0.10316,0.0510049,0.265193,-0.22681,-0.459833,0.435181,-0.30865,0.585359,0.299066,0.652327,-0.547518,-1.19742,1.05497,-0.712075,1.34191,0.704625,
0.381650924,0.058839,-0.050516,-0.100791,0.0968431,-0.0693571,0.131697,0.0669309,0.0456359,-0.0383495,-0.082068,0.0847524,-0.0674952,0.126553,0.0621262,0.290724,-0.248181,-0.507067,0.476383,-0.336256,0.637332,0.32647,0.62328,-0.520238,-1.16259,1.00367,-0.667219,1.25484,0.664598,
0.421644926,0.0709572,-0.0608508,-0.121992,0.116684,-0.0833279,0.158166,0.0805085,0.0552233,-0.0483204,-0.101243,0.104311,-0.081301,0.153015,0.076699,0.31507,-0.268442,-0.552868,0.5155,-0.362045,0.685778,0.35225,0.594258,-0.492983,-1.1278,0.952422,-0.622402,1.16784,0.624606,
0.451663017,0.0806792,-0.069128,-0.139092,0.132582,-0.0944707,0.179268,0.0913593,0.0651942,-0.0559903,-0.116966,0.118117,-0.0916554,0.172189,0.0870534,0.332582,-0.282934,-0.586331,0.543512,-0.380223,0.719855,0.370549,0.572475,-0.472527,-1.10168,0.913954,-0.588763,1.10254,0.594589,
0.461659908,0.0840329,-0.0719797,-0.145009,0.138061,-0.0983011,0.18652,0.0950932,0.0678786,-0.0586748,-0.123102,0.123869,-0.0954903,0.179476,0.0905049,0.338269,-0.287623,-0.597301,0.552584,-0.386053,0.730768,0.376444,0.565221,-0.465714,-1.09298,0.901143,-0.577561,1.08079,0.584592,
0.501651048,0.0980042,-0.0838473,-0.16976,0.160866,-0.114189,0.216585,0.110605,0.0809175,-0.0697961,-0.145345,0.146879,-0.111214,0.209772,0.105845,0.360292,-0.305703,-0.640315,0.587598,-0.408254,0.77225,0.399022,0.536202,-0.438461,-1.05819,0.849894,-0.532747,0.993801,0.544603,
0.541644096,0.112835,-0.0964169,-0.196205,0.185032,-0.130931,0.248241,0.126988,0.0951068,-0.083602,-0.169121,0.169121,-0.12732,0.241218,0.121951,0.381157,-0.322693,-0.68194,0.620563,-0.428664,0.810256,0.420003,0.50718,-0.411206,-1.0234,0.798643,-0.487931,0.906805,0.504612,
0.581660032,0.128486,-0.109652,-0.224303,0.21049,-0.148463,0.281366,0.144188,0.110447,-0.0985583,-0.195583,0.193665,-0.144961,0.274583,0.139209,0.400871,-0.338602,-0.722195,0.651495,-0.447292,0.844801,0.439395,0.478142,-0.383936,-0.988583,0.747363,-0.443089,0.819759,0.464597,
0.621650934,0.144891,-0.123492,-0.253966,0.237128,-0.166693,0.315783,0.16212,0.128087,-0.111597,-0.222044,0.218209,-0.163752,0.307563,0.158384,0.419412,-0.353412,-0.761034,0.680358,-0.464115,0.875844,0.457174,0.449123,-0.356683,-0.95379,0.696114,-0.398275,0.732768,0.424608,
0.651645898,0.157671,-0.13425,-0.277219,0.257842,-0.180788,0.342374,0.17602,0.140359,-0.123102,-0.245053,0.238918,-0.176408,0.333257,0.172189,0.432557,-0.363803,-0.789251,0.700661,-0.475558,0.896846,0.469461,0.427358,-0.336242,-0.927694,0.657676,-0.364663,0.66752,0.394614,
0.661645889,0.162017,-0.137905,-0.285157,0.264882,-0.185562,0.351376,0.180734,0.144194,-0.126937,-0.251956,0.24582,-0.181393,0.342078,0.176408,0.436794,-0.367132,-0.798485,0.707174,-0.479148,0.903412,0.473358,0.420101,-0.329427,-0.918994,0.644861,-0.353457,0.645767,0.384615,
0.701668977,0.179828,-0.152855,-0.317842,0.293688,-0.20501,0.388027,0.199977,0.161835,-0.14266,-0.282252,0.273432,-0.199801,0.376976,0.195583,0.453026,-0.37977,-0.834569,0.731957,-0.492397,0.927515,0.487949,0.391058,-0.302152,-0.884173,0.593571,-0.308608,0.558706,0.344594,
0.741650104,0.198245,-0.168273,-0.351906,0.323413,-0.224931,0.425534,0.21975,0.180626,-0.157617,-0.312932,0.30066,-0.218592,0.413791,0.214757,0.468081,-0.391306,-0.869224,0.754665,-0.50384,0.948114,0.500928,0.362046,-0.274906,-0.849389,0.542335,-0.263805,0.471735,0.304614,
0.781644105,0.217247,-0.184136,-0.38734,0.354015,-0.245281,0.463806,0.240017,0.199801,-0.174874,-0.347063,0.331723,-0.238534,0.451374,0.235466,0.481982,-0.401756,-0.902498,0.77533,-0.513494,0.965241,0.51231,0.333024,-0.247651,-0.814594,0.491083,-0.218988,0.384737,0.264622,
0.801640987,0.226951,-0.192218,-0.405548,0.369616,-0.255591,0.483183,0.250314,0.210155,-0.182927,-0.36432,0.345913,-0.247354,0.470932,0.245053,0.488495,-0.406572,-0.918614,0.784894,-0.517649,0.9725,0.517403,0.318513,-0.234023,-0.797195,0.465457,-0.196579,0.341238,0.244626,
0.821636915,0.236781,-0.200394,-0.424075,0.385402,-0.26598,0.502694,0.260707,0.220126,-0.191364,-0.382345,0.362403,-0.258476,0.49049,0.256558,0.49472,-0.411116,-0.93438,0.793945,-0.521356,0.978888,0.522094,0.304003,-0.220396,-0.779799,0.439832,-0.174172,0.297741,0.224631,
0.861634969,0.256804,-0.217006,-0.462064,0.417497,-0.286961,0.542062,0.281759,0.241602,-0.207471,-0.416859,0.393083,-0.279185,0.527306,0.277651,0.506299,-0.419386,-0.964875,0.810512,-0.527426,0.989057,0.530279,0.274979,-0.193139,-0.744999,0.388575,-0.12935,0.210734,0.184634,
0.901632070,0.277268,-0.233928,-0.501242,0.450212,-0.308148,0.581767,0.303105,0.262311,-0.222811,-0.455592,0.424913,-0.29951,0.567189,0.298359,0.516717,-0.426566,-0.993977,0.825029,-0.531703,0.995746,0.536865,0.245955,-0.165881,-0.710202,0.337318,-0.0845291,0.12373,0.144639,
0.921663999,0.287667,-0.242505,-0.521295,0.466804,-0.318814,0.601735,0.313887,0.273049,-0.232015,-0.475534,0.442937,-0.310631,0.587515,0.309097,0.521498,-0.429751,-1.00803,0.831528,-0.533172,0.997788,0.539561,0.231419,-0.15223,-0.692773,0.311647,-0.0620813,0.0801546,0.124608,
0.941656112,0.298138,-0.251126,-0.541585,0.483489,-0.329485,0.621696,0.324698,0.284553,-0.240451,-0.493558,0.457893,-0.320985,0.605922,0.319835,0.525979,-0.432658,-1.0217,0.837503,-0.534189,0.998956,0.541852,0.216911,-0.138605,-0.67538,0.286028,-0.0396782,0.0366656,0.104617,
0.981667995,0.31935,-0.268542,-0.582996,0.517214,-0.350878,0.661673,0.346452,0.306413,-0.258859,-0.533825,0.492408,-0.34016,0.643888,0.340927,0.534077,-0.437659,-1.04803,0.847922,-0.53488,0.998682,0.545238,0.187877,-0.111339,-0.640569,0.234752,0.00515916,-0.0503711,0.0646063,
1.021637916,0.340839,-0.286116,-0.625388,0.55128,-0.372241,0.701527,0.368286,0.329039,-0.27535,-0.572175,0.524621,-0.361252,0.682238,0.363553,0.541007,-0.441565,-1.07294,0.856281,-0.533779,0.994931,0.547021,0.158872,-0.0840997,-0.605795,0.183531,0.0499483,-0.137317,0.024638,
1.061636924,0.362598,-0.303839,-0.66878,0.585663,-0.39354,0.74119,0.390175,0.351665,-0.29299,-0.615893,0.557602,-0.381578,0.720971,0.385029,0.546781,-0.444384,-1.09648,0.862597,-0.530884,0.987698,0.547207,0.129847,-0.0568405,-0.570995,0.132272,0.0947713,-0.224327,-0.0153589,
1.081630945,0.373555,-0.312734,-0.690817,0.602935,-0.404134,0.76089,0.401112,0.361636,-0.302578,-0.636602,0.574859,-0.393466,0.740529,0.395767,0.549232,-0.445384,-1.10772,0.864986,-0.528765,0.982778,0.5467,0.115338,-0.0432154,-0.5536,0.10665,0.117177,-0.267819,-0.035352,
1.101633071,0.384563,-0.321651,-0.713083,0.620256,-0.414685,0.780491,0.412039,0.373524,-0.311398,-0.655777,0.592117,-0.402286,0.758553,0.406888,0.551395,-0.446112,-1.11862,0.866862,-0.526197,0.976985,0.545793,0.100824,-0.0295842,-0.536197,0.0810173,0.139591,-0.311329,-0.055353,
1.111638069,0.390085,-0.326115,-0.724301,0.628933,-0.419943,0.79025,0.417496,0.378126,-0.315617,-0.666131,0.600937,-0.408422,0.768524,0.412257,0.552366,-0.446374,-1.12394,0.867609,-0.524744,0.973762,0.545189,0.0935634,-0.0227657,-0.527493,0.0681959,0.150803,-0.333093,-0.065358,
1.141632080,0.406691,-0.339511,-0.758246,0.65498,-0.435609,0.819298,0.433815,0.395767,-0.329422,-0.701413,0.626631,-0.424913,0.798054,0.429131,0.554846,-0.44675,-1.13937,0.869078,-0.519717,0.962793,0.542779,0.0717985,-0.00232601,-0.501398,0.0297586,0.184414,-0.398338,-0.0953508,
1.181626081,0.428931,-0.357373,-0.804206,0.689748,-0.456235,0.857462,0.455435,0.416476,-0.347447,-0.745898,0.661146,-0.444854,0.83602,0.451374,0.557138,-0.446298,-1.15873,0.869243,-0.511446,0.945122,0.538165,0.042776,0.0249293,-0.466602,-0.0214937,0.229231,-0.485337,-0.135343,
1.221652030,0.451258,-0.375209,-0.850949,0.72451,-0.476511,0.894879,0.476857,0.439102,-0.367005,-0.792301,0.69566,-0.464029,0.873219,0.472466,0.558269,-0.444755,-1.17671,0.867357,-0.501373,0.923953,0.531948,0.0137312,0.052206,-0.431779,-0.072787,0.274084,-0.572405,-0.175367,
1.261641025,0.473586,-0.392946,-0.898341,0.759123,-0.496329,0.931346,0.497978,0.461728,-0.38618,-0.838704,0.729791,-0.484354,0.904665,0.494325,0.558238,-0.442121,-1.19328,0.863421,-0.489516,0.899324,0.524135,-0.0152868,0.0794583,-0.396987,-0.124033,0.318896,-0.659392,-0.215355,
1.301646947,0.495898,-0.410562,-0.946387,0.793552,-0.515645,0.966774,0.518764,0.483204,-0.404204,-0.886257,0.765073,-0.503529,0.934578,0.515418,0.557045,-0.438398,-1.20846,0.857434,-0.475862,0.871204,0.51472,-0.0443171,0.106721,-0.362182,-0.1753,0.363727,-0.746416,-0.255359,
1.341650009,0.518139,-0.428007,-0.995009,0.827698,-0.534378,1.001,0.539139,0.503529,-0.422995,-0.934194,0.79882,-0.522704,0.963723,0.535359,0.554692,-0.433583,-1.22225,0.849396,-0.460415,0.839605,0.503704,-0.0733454,0.133982,-0.327378,-0.226564,0.408553,-0.833434,-0.29536,
1.381654024,0.540262,-0.445237,-1.04416,0.861483,-0.552458,1.0339,0.559042,0.525388,-0.441019,-0.985199,0.831418,-0.540728,1.00246,0.555685,0.551178,-0.427678,-1.23465,0.839307,-0.443175,0.804523,0.491089,-0.102374,0.161244,-0.292574,-0.27783,0.453382,-0.920454,-0.335362,
1.421647071,0.562216,-0.462205,-1.09376,0.894813,-0.569807,1.06532,0.578403,0.544947,-0.460961,-1.03314,0.866316,-0.558369,1.03735,0.575243,0.546503,-0.420685,-1.24566,0.827171,-0.424147,0.765972,0.476876,-0.131395,0.188499,-0.25778,-0.329081,0.498198,-1.00745,-0.375354,
1.461667060,0.583974,-0.478883,-1.14381,0.927639,-0.586371,1.09514,0.597177,0.566806,-0.479752,-1.08376,0.897762,-0.574476,1.06995,0.593651,0.540663,-0.412595,-1.25528,0.812975,-0.403311,0.723911,0.461054,-0.160436,0.215772,-0.222962,-0.380366,0.543044,-1.09451,-0.415372,
1.501657009,0.605459,-0.495203,-1.19418,0.959832,-0.602053,1.12319,0.615272,0.587131,-0.498927,-1.13591,0.93151,-0.589816,1.09833,0.611675,0.533667,-0.403421,-1.2635,0.796739,-0.380699,0.678403,0.443644,-0.189454,0.243024,-0.188169,-0.431613,0.587857,-1.18149,-0.45536,
1.541652917,0.626644,-0.511136,-1.24485,0.991339,-0.616798,1.14936,0.63264,0.608607,-0.516185,-1.18999,0.965257,-0.606306,1.12326,0.629699,0.525509,-0.393156,-1.27033,0.778452,-0.356291,0.629408,0.424632,-0.218477,0.270281,-0.153373,-0.482868,0.632676,-1.2685,-0.495355,
1.581646919,0.647479,-0.526637,-1.29577,1.02207,-0.630529,1.17349,0.649216,0.630083,-0.534209,-1.24099,0.996704,-0.621646,1.14857,0.644272,0.516191,-0.381802,-1.27577,0.758115,-0.330092,0.576936,0.404021,-0.247499,0.297536,-0.118577,-0.53412,0.677494,-1.3555,-0.535347,
1.611676931,0.662865,-0.537965,-1.33413,1.04459,-0.640131,1.1902,0.661104,0.645422,-0.546481,-1.28011,1.02048,-0.63085,1.16621,0.657694,0.508432,-0.37256,-1.27894,0.741497,-0.309241,0.535251,0.387493,-0.269291,0.318001,-0.09245,-0.572604,0.711145,-1.42082,-0.565376,
1.621674060,0.667935,-0.541674,-1.34692,1.05198,-0.643187,1.19548,0.664949,0.650408,-0.551466,-1.29545,1.02892,-0.633918,1.17273,0.661529,0.505703,-0.369346,-1.27982,0.735709,-0.302075,0.520937,0.381791,-0.276545,0.324814,-0.0837526,-0.585415,0.722348,-1.44257,-0.575372,
1.661660909,0.687927,-0.556176,-1.39816,1.08091,-0.654676,1.21513,0.679745,0.6715,-0.570641,-1.34914,1.05921,-0.645806,1.19382,0.676869,0.494064,-0.355813,-1.28247,0.711275,-0.272295,0.461515,0.357984,-0.305561,0.352064,-0.0489637,-0.636658,0.767157,-1.52955,-0.615358,
1.701632022,0.707424,-0.570109,-1.44945,1.10882,-0.664936,1.23233,0.693552,0.691825,-0.587131,-1.40167,1.08798,-0.656544,1.21453,0.691058,0.481272,-0.341197,-1.28373,0.684804,-0.240736,0.398639,0.332589,-0.334566,0.379303,-0.0141881,-0.687881,0.811948,-1.6165,-0.655327,
1.741628885,0.726398,-0.583446,-1.50079,1.13565,-0.673903,1.24696,0.706319,0.711384,-0.602854,-1.4569,1.11635,-0.665748,1.23179,0.702563,0.46731,-0.325481,-1.2836,0.656266,-0.207364,0.332244,0.305578,-0.36359,0.40656,0.0206101,-0.739137,0.856768,-1.7035,-0.695322,
1.781630039,0.744793,-0.596132,-1.55211,1.16129,-0.6815,1.25887,0.717976,0.732092,-0.616277,-1.51059,1.14435,-0.673418,1.24981,0.715219,0.452185,-0.308673,-1.28208,0.625674,-0.172196,0.262362,0.276965,-0.392617,0.433821,0.0554122,-0.790399,0.901594,-1.79051,-0.735321,
1.821630001,0.762558,-0.608125,-1.60334,1.18567,-0.687655,1.2679,0.728455,0.752034,-0.631617,-1.56351,1.17081,-0.679937,1.26438,0.727107,0.4359,-0.290775,-1.27917,0.593033,-0.135236,0.189002,0.246752,-0.421643,0.46108,0.0902121,-0.841659,0.946418,-1.87753,-0.77532,
1.851627111,0.775441,-0.616637,-1.64167,1.20308,-0.69128,1.27272,0.735504,0.767374,-0.641971,-1.60416,1.18999,-0.683772,1.26477,0.733626,0.422925,-0.276637,-1.27607,0.567209,-0.106342,0.131702,0.223044,-0.443411,0.481522,0.116311,-0.8801,0.980032,-1.94278,-0.805315,
1.861628055,0.779648,-0.619379,-1.65443,1.20871,-0.692295,1.27394,0.737694,0.770825,-0.645039,-1.61873,1.19574,-0.684539,1.26707,0.735544,0.418454,-0.271787,-1.27487,0.558343,-0.0964847,0.112163,0.214941,-0.450668,0.488337,0.125011,-0.892916,0.991239,-1.96453,-0.815316,
1.901633024,0.79602,-0.629854,-1.70532,1.23032,-0.69535,1.27683,0.74563,0.78885,-0.657694,-1.66935,1.21798,-0.685689,1.26784,0.744364,0.399844,-0.251706,-1.26917,0.521597,-0.0559337,0.0318317,0.181524,-0.479698,0.5156,0.159817,-0.944183,1.03607,-2.05156,-0.855319,
1.941632986,0.811622,-0.639502,-1.75595,1.25041,-0.696747,1.27644,0.752196,0.80534,-0.667665,-1.72304,1.24137,-0.688374,1.2686,0.750117,0.380076,-0.230537,-1.26208,0.482804,-0.0135942,-0.0519703,0.146511,-0.508724,0.542859,0.194617,-0.995443,1.08089,-2.13857,-0.895318,
1.981627941,0.826408,-0.648282,-1.80626,1.26891,-0.696414,1.27263,0.757328,0.82068,-0.67802,-1.77558,1.26093,-0.688374,1.2686,0.755486,0.359149,-0.20828,-1.2536,0.441966,0.0305323,-0.139242,0.109903,-0.537746,0.570115,0.229413,-1.0467,1.12571,-2.22557,-0.935311,
2.021629095,0.840337,-0.656149,-1.85621,1.28574,-0.69428,1.26525,0.760966,0.83602,-0.68684,-1.82774,1.28126,-0.68799,1.26553,0.758937,0.337059,-0.18493,-1.24373,0.399072,0.0764585,-0.230007,0.0716894,-0.566773,0.597375,0.264215,-1.09796,1.17054,-2.31258,-0.97531,
2.061630010,0.853358,-0.663061,-1.90574,1.30081,-0.690273,1.25418,0.763042,0.850976,-0.69451,-1.87951,1.29775,-0.688374,1.25825,0.760854,0.313807,-0.160489,-1.23246,0.354127,0.124178,-0.324253,0.0318763,-0.5958,0.624635,0.299016,-1.14922,1.21536,-2.39959,-1.01531,
2.101631879,0.865427,-0.668974,-1.95479,1.31404,-0.684321,1.23927,0.763495,0.864782,-0.701029,-1.92936,1.31385,-0.68684,1.24444,0.760087,0.289393,-0.134957,-1.21981,0.307132,0.173691,-0.421982,-0.00953787,-0.624827,0.651895,0.333819,-1.20048,1.26019,-2.48661,-1.05531,
2.141629934,0.876494,-0.673843,-2.00331,1.32535,-0.676354,1.22037,0.762259,0.875903,-0.707932,-1.97999,1.32689,-0.679553,1.22718,0.760087,0.26382,-0.108337,-1.20576,0.258089,0.224993,-0.523181,-0.0525479,-0.653852,0.679154,0.368618,-1.25174,1.30501,-2.57362,-1.09531,
2.181627988,0.886516,-0.677626,-2.05123,1.33466,-0.666299,1.19737,0.75927,0.888558,-0.715219,-2.03061,1.3384,-0.668432,1.20379,0.759704,0.237087,-0.0806269,-1.19032,0.206997,0.278087,-0.627861,-0.0971579,-0.682876,0.706411,0.403417,-1.303,1.34983,-2.66062,-1.1353,
2.221627950,0.895446,-0.680279,-2.09851,1.34189,-0.654084,1.1701,0.754464,0.898913,-0.720587,-2.07969,1.34722,-0.654243,1.17656,0.760087,0.209192,-0.0518257,-1.17349,0.153852,0.332976,-0.736026,-0.14337,-0.711902,0.73367,0.438217,-1.35426,1.39465,-2.74764,-1.1753,
2.241626977,0.899486,-0.681168,-2.12189,1.34469,-0.647143,1.15483,0.751361,0.903515,-0.722121,-2.10309,1.35182,-0.646189,1.16161,0.75932,0.194809,-0.0370169,-1.16455,0.126512,0.361092,-0.791411,-0.167076,-0.726414,0.7473,0.455617,-1.37988,1.41707,-2.79114,-1.1953,
2.261637926,0.903238,-0.681758,-2.1451,1.34694,-0.639633,1.13843,0.747777,0.907733,-0.722505,-2.1284,1.35604,-0.638903,1.14703,0.75702,0.180128,-0.0219257,-1.15526,0.0986426,0.389673,-0.8477,-0.191194,-0.740935,0.760936,0.473027,-1.40553,1.43949,-2.83467,-1.21531,
2.301659107,0.909846,-0.682019,-2.19095,1.34975,-0.622872,1.10221,0.739141,0.915403,-0.723655,-2.17672,1.36179,-0.623563,1.11367,0.743981,0.149893,0.00907352,-1.13563,0.0413656,0.448181,-0.962889,-0.240633,-0.769977,0.788211,0.507847,-1.45682,1.48434,-2.92173,-1.25533,
2.341629028,0.915214,-0.681019,-2.23593,1.35023,-0.603762,1.06137,0.72851,0.920388,-0.722888,-2.22312,1.36409,-0.605155,1.07532,0.732859,0.118537,0.0411224,-1.11464,-0.0178869,0.508405,-1.08141,-0.291608,-0.798981,0.815449,0.54262,-1.50804,1.52913,-3.00867,-1.2953,
2.371632099,0.918408,-0.679416,-2.26912,1.34901,-0.587814,1.02756,0.719173,0.924223,-0.722121,-2.25879,1.36409,-0.592117,1.04157,0.723655,0.0942393,0.0658952,-1.09796,-0.0637092,0.554787,-1.17266,-0.330921,-0.820753,0.835895,0.568724,-1.54649,1.56275,-3.07394,-1.3253,
2.381628036,0.919308,-0.678715,-2.28007,1.34829,-0.58219,1.01568,0.715798,0.926141,-0.722121,-2.26952,1.36371,-0.585214,1.02968,0.720971,0.0859991,0.0742849,-1.09224,-0.0792322,0.570465,-1.20349,-0.344218,-0.828007,0.842707,0.57742,-1.5593,1.57395,-3.09568,-1.33529,
2.411637067,0.921513,-0.676104,-2.31258,1.34521,-0.564358,0.978162,0.704863,0.929592,-0.71982,-2.30251,1.36294,-0.569874,0.990952,0.710233,0.0608249,0.0998801,-1.07452,-0.126602,0.618202,-1.29737,-0.384739,-0.849783,0.863158,0.603529,-1.59775,1.60758,-3.16096,-1.3653,
2.421633958,0.922079,-0.675062,-2.32329,1.34386,-0.558098,0.965035,0.700949,0.929976,-0.719437,-2.31324,1.36294,-0.564505,0.977529,0.706398,0.0522926,0.108544,-1.06844,-0.142639,0.634329,-1.32908,-0.398438,-0.857037,0.869971,0.612227,-1.61056,1.61878,-3.1827,-1.3753,
2.451631069,0.923258,-0.671411,-2.35506,1.33885,-0.538336,0.923724,0.688374,0.933044,-0.71752,-2.34737,1.35987,-0.544563,0.937262,0.694126,0.0262576,0.134946,-1.04968,-0.191528,0.683392,-1.42553,-0.440143,-0.878804,0.890414,0.638324,-1.64901,1.65239,-3.24796,-1.40529,
2.461630105,0.923476,-0.670018,-2.36553,1.33685,-0.53142,0.909307,0.683902,0.933427,-0.715219,-2.35734,1.35872,-0.537277,0.924607,0.688757,0.0174344,0.143884,-1.04326,-0.20808,0.69997,-1.45811,-0.454245,-0.88606,0.897227,0.647023,-1.66182,1.6636,-3.26971,-1.41529,
2.501627922,0.923458,-0.663538,-2.40673,1.32719,-0.50208,0.848348,0.664591,0.934961,-0.710617,-2.40221,1.35182,-0.507748,0.864398,0.669199,-0.0185866,0.180316,-1.01668,-0.275574,0.767407,-1.59063,-0.511653,-0.915085,0.924485,0.681822,-1.71308,1.70842,-3.35671,-1.45529,
2.531626939,0.922485,-0.657709,-2.43692,1.31815,-0.478285,0.79911,0.648582,0.934578,-0.704864,-2.43289,1.34453,-0.484738,0.819146,0.653092,-0.0463644,0.208357,-0.995834,-0.327542,0.819162,-1.69231,-0.55576,-0.936853,0.944928,0.707923,-1.75152,1.74204,-3.42197,-1.48529,
2.541629076,0.921974,-0.655578,-2.44684,1.31478,-0.470004,0.782012,0.642949,0.934961,-0.70218,-2.44363,1.34262,-0.476301,0.803039,0.64849,-0.0557711,0.217842,-0.988711,-0.345125,0.836642,-1.72665,-0.570666,-0.944112,0.951745,0.716624,-1.76434,1.75325,-3.44373,-1.49529,
2.581626892,0.91898,-0.646096,-2.4858,1.29955,-0.435126,0.710172,0.618917,0.933044,-0.694893,-2.48275,1.3315,-0.444471,0.731325,0.624714,-0.0941143,0.256455,-0.959352,-0.416719,0.907665,-1.86613,-0.631275,-0.973137,0.979003,0.751422,-1.81559,1.79807,-3.53073,-1.53528,
2.621629953,0.914429,-0.635046,-2.52357,1.28142,-0.397365,0.632673,0.592425,0.930743,-0.684155,-2.52263,1.31577,-0.408806,0.655777,0.599786,-0.133624,0.296163,-0.928596,-0.490374,0.980489,-2.00911,-0.69349,-1.00216,1.00626,0.786226,-1.86686,1.8429,-3.61775,-1.57529,
2.661669969,0.908268,-0.622374,-2.56011,1.26027,-0.356617,0.549304,0.563384,0.926908,-0.673801,-2.56175,1.29736,-0.368539,0.572175,0.570257,-0.174332,0.337,-0.896418,-0.56615,1.05518,-2.15571,-0.757366,-1.03122,1.03355,0.821062,-1.91817,1.88776,-3.70485,-1.61532,
2.681663036,0.904575,-0.615429,-2.57787,1.24857,-0.335143,0.505462,0.547918,0.924223,-0.666131,-2.57977,1.28663,-0.348981,0.52999,0.554534,-0.195094,0.3578,-0.879829,-0.604757,1.09314,-2.23021,-0.789861,-1.04573,1.04718,0.838456,-1.94379,1.91017,-3.74834,-1.63532,
2.701668024,0.900462,-0.60806,-2.5953,1.23608,-0.31289,0.460093,0.531788,0.920772,-0.658845,-2.59971,1.27551,-0.329422,0.486272,0.539194,-0.21616,0.378886,-0.862882,-0.643898,1.13158,-2.30564,-0.822776,-1.06024,1.06081,0.85586,-1.96943,1.93259,-3.79186,-1.65532,
2.741672992,0.890959,-0.592047,-2.62913,1.20873,-0.266064,0.364799,0.497538,0.913869,-0.642354,-2.63538,1.24828,-0.286471,0.396151,0.505447,-0.259155,0.421868,-0.827946,-0.723711,1.20979,-2.45907,-0.889797,-1.08927,1.08807,0.890665,-2.02069,1.97741,-3.87888,-1.69532,
2.781641960,0.879723,-0.574309,-2.6615,1.17818,-0.216118,0.263391,0.460608,0.903898,-0.62433,-2.67066,1.21798,-0.239301,0.303345,0.469015,-0.303271,0.465902,-0.791653,-0.8055,1.28972,-2.61584,-0.958356,-1.11828,1.11531,0.92544,-2.07191,2.0222,-3.96582,-1.73529,
2.821640968,0.86669,-0.554774,-2.69241,1.14429,-0.162901,0.155565,0.420876,0.893544,-0.603621,-2.70364,1.18347,-0.188296,0.213607,0.429515,-0.348582,0.511058,-0.753939,-0.889399,1.3715,-2.77621,-1.02857,-1.1473,1.14257,0.96024,-2.12317,2.06703,-4.05283,-1.77529,
2.851640939,0.855713,-0.538925,-2.7146,1.11664,-0.120821,0.0704446,0.389216,0.88434,-0.587131,-2.7278,1.15432,-0.145728,0.146495,0.398068,-0.383328,0.545642,-0.724742,-0.953671,1.43402,-2.89877,-1.08227,-1.16907,1.16301,0.98634,-2.16162,2.10064,-4.11809,-1.80529,
2.861641883,0.851821,-0.53341,-2.7218,1.107,-0.106374,0.0412485,0.378302,0.882422,-0.581379,-2.73624,1.1455,-0.131539,0.123485,0.388481,-0.395055,0.557307,-0.714833,-0.975354,1.45508,-2.94007,-1.10038,-1.17633,1.16983,0.99504,-2.17443,2.11185,-4.13985,-1.81529,
2.891673088,0.839423,-0.516143,-2.74281,1.07672,-0.0617186,-0.0489227,0.344433,0.871685,-0.562204,-2.75925,1.11367,-0.0908884,0.0567573,0.35435,-0.43071,0.592745,-0.684559,-1.04123,1.51901,-3.06537,-1.15534,-1.19812,1.19029,1.02117,-2.21292,2.1455,-4.20517,-1.84532,
2.901671886,0.835056,-0.510157,-2.7496,1.0662,-0.0464226,-0.0797835,0.332788,0.86785,-0.555301,-2.76615,1.10293,-0.079,0.0337476,0.342461,-0.442725,0.604681,-0.674304,-1.06342,1.54052,-3.10753,-1.17385,-1.20538,1.19711,1.02987,-2.22573,2.15671,-4.22692,-1.85532,
2.931663990,0.821232,-0.491479,-2.76936,1.0333,0.000755979,-0.174895,0.296743,0.856728,-0.534592,-2.78839,1.06918,-0.0345146,-0.0348981,0.306796,-0.479204,0.640892,-0.643025,-1.13075,1.60571,-3.23528,-1.22994,-1.22714,1.21755,1.05596,-2.26417,2.19032,-4.29216,-1.88531,
2.941668987,0.816377,-0.485006,-2.77574,1.02187,0.0169306,-0.20748,0.284343,0.852893,-0.527306,-2.7953,1.0573,-0.0153398,-0.0571408,0.294908,-0.491517,0.653107,-0.632417,-1.15347,1.62768,-3.27833,-1.24885,-1.2344,1.22436,1.06467,-2.27699,2.20153,-4.31393,-1.89531,
2.981661081,0.795725,-0.4579,-2.80017,0.973905,0.0837972,-0.34206,0.232873,0.838321,-0.497393,-2.82252,1.00744,0.0521553,-0.14918,0.243903,-0.541442,0.70259,-0.589133,-1.24551,1.71656,-3.45248,-1.3254,-1.25773,1.24482,1.10187,-2.31602,2.23098,-4.3702,-1.92313,
3.021653890,0.773998,-0.42992,-2.82246,0.924243,0.151715,-0.478596,0.180322,0.822214,-0.464796,-2.84592,0.956054,0.122335,-0.240068,0.190214,-0.506146,0.650373,-0.509796,-1.15475,1.57555,-3.16694,-1.21985,2.58422,-3.32138,2.6078,5.89696,-8.04779,16.1767,6.2305,
3.061640977,0.755672,-0.406371,-2.84092,0.882432,0.208761,-0.593263,0.136154,0.801505,-0.434117,-2.87276,0.898529,0.188296,-0.331723,0.141126,-0.413577,0.531428,-0.416564,-0.943561,1.2874,-2.58775,-0.996756,2.11303,-2.71514,2.12828,4.82079,-6.57753,13.2212,5.09257,
3.101639986,0.740689,-0.38712,-2.85601,0.84825,0.2554,-0.68701,0.100045,0.786932,-0.401903,-2.89462,0.854811,0.240835,-0.390782,0.10201,-0.338101,0.434443,-0.340542,-0.771364,1.05246,-2.11549,-0.814852,1.72288,-2.21382,1.73532,3.93068,-5.36306,10.78,4.15228,
3.141669988,0.728429,-0.371366,-2.86836,0.820279,0.293563,-0.76372,0.0704965,0.779262,-0.369306,-2.90536,0.824898,0.281485,-0.437952,0.0728641,-0.276499,0.355289,-0.278496,-0.630823,0.860702,-1.73005,-0.666388,1.40529,-1.80573,1.41543,3.20611,-4.37445,8.79286,3.38686,
3.181675910,0.718406,-0.358487,-2.87845,0.797411,0.324765,-0.826437,0.0463402,0.766223,-0.343995,-2.91763,0.786932,0.311398,-0.482053,0.0498544,-0.226267,0.290742,-0.2279,-0.516219,0.704334,-1.41575,-0.545321,1.14699,-1.47382,1.15527,2.61681,-3.57039,7.17667,2.76433,
3.221631050,0.710211,-0.347956,-2.8867,0.778715,0.350275,-0.877713,0.0265895,0.753185,-0.320985,-2.92837,0.762772,0.334791,-0.535359,0.0295291,-0.185302,0.238104,-0.18664,-0.422759,0.576817,-1.15943,-0.446593,0.936896,-1.20387,0.943661,2.13749,-2.91641,5.86214,2.258,
3.261670112,0.703485,-0.339314,-2.89348,0.76337,0.37121,-0.919795,0.0103798,0.744364,-0.303345,-2.93029,0.74283,0.353199,-0.598253,0.0134223,-0.151767,0.195014,-0.152863,-0.346252,0.472429,-0.949607,-0.365772,0.765364,-0.983457,0.770891,1.74615,-2.38246,4.78887,1.84459,
3.281629085,0.700602,-0.335608,-2.89638,0.756791,0.380188,-0.937839,0.00342949,0.739379,-0.297209,-2.93297,0.733626,0.361636,-0.629699,0.00613592,-0.137417,0.176575,-0.13841,-0.313512,0.42776,-0.859819,-0.331188,0.692109,-0.889328,0.697107,1.57902,-2.15443,4.33052,1.66804,
3.301634073,0.697985,-0.332246,-2.89902,0.75082,0.388333,-0.954212,-0.002877,0.73401,-0.290689,-2.93796,0.725956,0.368922,-0.663063,0.00076699,-0.124411,0.159863,-0.12531,-0.28384,0.387274,-0.778441,-0.299842,0.625802,-0.804127,0.630321,1.42774,-1.94803,3.91563,1.50824,
3.331629991,0.694517,-0.327791,-2.90251,0.74291,0.399127,-0.975908,-0.011234,0.726723,-0.283019,-2.94064,0.715219,0.379277,-0.71752,-0.00882039,-0.107205,0.137753,-0.107979,-0.244583,0.333712,-0.670779,-0.258373,0.538223,-0.691591,0.542109,1.22793,-1.67541,3.36765,1.29716,
3.341629981,0.693472,-0.326446,-2.90357,0.740523,0.402383,-0.982453,-0.0137554,0.724039,-0.280335,-2.94179,0.712918,0.383495,-0.73401,-0.0115049,-0.102021,0.131092,-0.102758,-0.232758,0.317576,-0.638344,-0.245879,0.511873,-0.657733,0.515569,1.16782,-1.59338,3.20278,1.23366,
3.381663084,0.689766,-0.321686,-2.9073,0.73207,0.413916,-1.00564,-0.0226848,0.715602,-0.273432,-2.94294,0.702563,0.395,-0.809942,-0.0199418,-0.0836864,0.107533,-0.0842904,-0.190927,0.260503,-0.523625,-0.201691,0.418823,-0.538168,0.421848,0.955531,-1.30373,2.62057,1.0094,
3.411659955,0.687433,-0.318687,-2.90965,0.726746,0.42118,-1.02024,-0.0283078,0.709083,-0.269981,-2.94563,0.696044,0.403053,-0.867466,-0.0256942,-0.0721656,0.0927295,-0.0726864,-0.164642,0.22464,-0.451537,-0.173925,0.360487,-0.46321,0.36309,0.822439,-1.12214,2.25557,0.868806,
3.421662092,0.686728,-0.317783,-2.91036,0.72514,0.423372,-1.02464,-0.0300055,0.706782,-0.269597,-2.94716,0.694893,0.404587,-0.88549,-0.0268447,-0.0686919,0.0882656,-0.0691878,-0.156719,0.213828,-0.429804,-0.165554,0.342924,-0.440641,0.3454,0.782368,-1.06747,2.14567,0.826475,
3.451654911,0.684814,-0.315321,-2.91229,0.72077,0.429334,-1.03663,-0.0346223,0.701413,-0.26768,-2.94869,0.690675,0.409573,-0.942248,-0.0325971,-0.0592573,0.0761435,-0.0596857,-0.135195,0.18446,-0.370776,-0.142816,0.295279,-0.379419,0.297411,0.673667,-0.919158,1.84756,0.711647,
3.461651086,0.684235,-0.314578,-2.91287,0.719452,0.431134,-1.04024,-0.0360155,0.699112,-0.266913,-2.94793,0.689524,0.411107,-0.960655,-0.0333641,-0.0564142,0.07249,-0.0568216,-0.128707,0.175609,-0.352983,-0.135963,0.280937,-0.36099,0.282965,0.640946,-0.874512,1.75781,0.67708,
3.501646041,0.682187,-0.311946,-2.91493,0.714778,0.437511,-1.05306,-0.0409526,0.692592,-0.266146,-2.94985,0.685306,0.418777,-1.03314,-0.0383495,-0.046352,0.0595601,-0.0466863,-0.10575,0.144286,-0.290022,-0.111711,0.230263,-0.295877,0.231926,0.525337,-0.716774,1.44075,0.554954,
3.541642904,0.680503,-0.309783,-2.91663,0.710936,0.442752,-1.0636,-0.0450093,0.685689,-0.267296,-2.95061,0.681854,0.42568,-1.08261,-0.041801,-0.0381015,0.0489587,-0.0383762,-0.0869272,0.118604,-0.2384,-0.0918275,0.188823,-0.242629,0.190186,0.430792,-0.587777,1.18146,0.455079,
3.561640977,0.679777,-0.30885,-2.91736,0.70928,0.445011,-1.06814,-0.0467594,0.682621,-0.267296,-2.95138,0.681471,0.427981,-1.09296,-0.043335,-0.0345507,0.0443963,-0.0348004,-0.0788259,0.107551,-0.216183,-0.0832701,0.171022,-0.219755,0.172256,0.39018,-0.532364,1.07008,0.412177,
3.581641912,0.679119,-0.308004,-2.91802,0.707778,0.44706,-1.07226,-0.0483455,0.681854,-0.268063,-2.95215,0.681087,0.429131,-1.09718,-0.0452524,-0.0313337,0.0402629,-0.03156,-0.0714876,0.0975379,-0.196056,-0.0755171,0.154916,-0.199059,0.156034,0.353434,-0.482229,0.969305,0.37336,
3.621637105,0.67798,-0.306541,-2.91917,0.705181,0.450605,-1.07938,-0.05109,0.678403,-0.269214,-2.95176,0.681471,0.432966,-1.09526,-0.0479369,-0.0257806,0.0331268,-0.0259671,-0.0588179,0.0802512,-0.161309,-0.0621334,0.127162,-0.163397,0.12808,0.290115,-0.395835,0.79565,0.30647,
3.661637067,0.677043,-0.305337,-2.92011,0.703044,0.453522,-1.08524,-0.0533481,0.675335,-0.271131,-2.95138,0.682238,0.436034,-1.09488,-0.0494709,-0.0212207,0.0272671,-0.021374,-0.048414,0.066056,-0.132777,-0.0511433,0.104428,-0.134185,0.105183,0.238249,-0.325069,0.653406,0.251681,
3.701634883,0.676272,-0.304345,-2.92089,0.701283,0.455923,-1.09007,-0.0552079,0.673418,-0.274199,-2.95215,0.683772,0.439102,-1.09718,-0.0529223,-0.017475,0.0224543,-0.0176009,-0.0398686,0.0543969,-0.10934,-0.0421156,0.085801,-0.11025,0.08642,0.195751,-0.267085,0.536853,0.206787,
3.741662979,0.675636,-0.303528,-2.92153,0.699832,0.457902,-1.09405,-0.05674,0.6715,-0.277267,-2.95215,0.685689,0.44332,-1.10101,-0.0536893,-0.0143948,0.0184966,-0.0144987,-0.0328404,0.0448079,-0.0900661,-0.0346917,0.0705185,-0.0906133,0.0710275,0.160885,-0.219514,0.441234,0.169956,
3.781665086,0.675112,-0.302855,-2.92206,0.698638,0.459532,-1.09733,-0.058002,0.670733,-0.281485,-2.95215,0.686456,0.444854,-1.10447,-0.0548398,-0.0118632,0.0152441,-0.0119493,-0.0270664,0.0369299,-0.0742295,-0.0285923,0.0579926,-0.0745177,0.0584112,0.132308,-0.180522,0.362859,0.139767,
3.821660995,0.674681,-0.302301,-2.92249,0.697654,0.460875,-1.10003,-0.0590422,0.669199,-0.284553,-2.95215,0.68799,0.446388,-1.10753,-0.0575243,-0.00978237,0.0125692,-0.00985259,-0.0223176,0.0304503,-0.061206,-0.0235754,0.0477145,-0.0613108,0.0480595,0.10886,-0.148528,0.29855,0.114997,
3.861653089,0.674325,-0.301844,-2.92285,0.696841,0.461983,-1.10225,-0.0598993,0.669199,-0.288772,-2.95215,0.688757,0.449456,-1.10945,-0.0567573,-0.00806863,0.0103684,-0.00812724,-0.018409,0.0251177,-0.050488,-0.0194471,0.0392762,-0.0504687,0.0395599,0.0896079,-0.122262,0.245753,0.09466,
3.901648998,0.674031,-0.301467,-2.92315,0.696172,0.462897,-1.10409,-0.0606076,0.667665,-0.291456,-2.95215,0.689524,0.44984,-1.10945,-0.0567573,-0.00665799,0.00855587,-0.00670686,-0.0151913,0.0207275,-0.0416629,-0.0160477,0.0323444,-0.0415612,0.0325776,0.0737925,-0.100683,0.202378,0.0779521,
3.911642074,0.673966,-0.301384,-2.92321,0.696023,0.4631,-1.1045,-0.0607642,0.669199,-0.291073,-2.95253,0.690675,0.45099,-1.10945,-0.0563738,-0.00634663,0.00815551,-0.00639257,-0.0144805,0.0197566,-0.0397121,-0.015296,0.0308147,-0.0395955,0.0310369,0.070302,-0.0959204,0.192806,0.0742656,
3.941648960,0.673789,-0.301155,-2.92339,0.695618,0.463651,-1.10561,-0.0611917,0.668816,-0.29299,-2.95253,0.691058,0.451757,-1.10868,-0.0567573,-0.00549635,0.00706312,-0.00553604,-0.0125406,0.0171103,-0.0343923,-0.0132473,0.0266466,-0.0342397,0.0268388,0.0607929,-0.0829463,0.166727,0.0642203,
3.981642961,0.673589,-0.300898,-2.92359,0.695162,0.464274,-1.10686,-0.0616739,0.669966,-0.295291,-2.95215,0.691825,0.450607,-1.1106,-0.0575243,-0.00447974,0.0057567,-0.00451199,-0.0102209,0.0139455,-0.0280314,-0.0107967,0.0216748,-0.0278512,0.0218315,0.0494508,-0.0674713,0.135621,0.052239,
4.011935949,0.67353,-0.300823,-2.92365,0.695028,0.464457,-1.10722,-0.061815,0.669966,-0.295675,-2.95215,0.693359,0.450607,-1.11252,-0.0586748,0,0,0,0,0,0,0,0,0,0,0,0,0,0,
4.021904945,0.67353,-0.300823,-2.92365,0.695028,0.464457,-1.10722,-0.061815,0.669583,-0.295291,-2.95215,0.694126,0.452141,-1.11329,-0.0594418,0,0,0,0,0,0,0,0,0,0,0,0,0,0,
4.061882972,0.67353,-0.300823,-2.92365,0.695028,0.464457,-1.10722,-0.061815,0.669199,-0.296058,-2.95215,0.694126,0.45099,-1.11482,-0.0590583,0,0,0,0,0,0,0,0,0,0,0,0,0,0,
4.101917982,0.67353,-0.300823,-2.92365,0.695028,0.464457,-1.10722,-0.061815,0.669583,-0.296442,-2.95176,0.694893,0.45099,-1.11405,-0.0594418,0,0,0,0,0,0,0,0,0,0,0,0,0,0,
4.121857881,0.67353,-0.300823,-2.92365,0.695028,0.464457,-1.10722,-0.061815,0.669583,-0.296058,-2.95138,0.694893,0.451757,-1.11405,-0.0594418,0,0,0,0,0,0,0,0,0,0,0,0,0,0,
4.141843080,0.67353,-0.300823,-2.92365,0.695028,0.464457,-1.10722,-0.061815,0.668816,-0.295675,-2.951,0.69566,0.452908,-1.11444,-0.0586748,0,0,0,0,0,0,0,0,0,0,0,0,0,0,
4.181819915,0.67353,-0.300823,-2.92365,0.695028,0.464457,-1.10722,-0.061815,0.669199,-0.296825,-2.95023,0.69566,0.453675,-1.11405,-0.0594418,0,0,0,0,0,0,0,0,0,0,0,0,0,0,
4.201847076,0.67353,-0.300823,-2.92365,0.695028,0.464457,-1.10722,-0.061815,0.669583,-0.295675,-2.94985,0.69566,0.454442,-1.11367,-0.0590583,0,0,0,0,0,0,0,0,0,0,0,0,0,0,
4.221843004,0.67353,-0.300823,-2.92365,0.695028,0.464457,-1.10722,-0.061815,0.669583,-0.296442,-2.94908,0.69566,0.457126,-1.11482,-0.0594418,0,0,0,0,0,0,0,0,0,0,0,0,0,0,
4.261858940,0.67353,-0.300823,-2.92365,0.695028,0.464457,-1.10722,-0.061815,0.669966,-0.296442,-2.94716,0.695277,0.456743,-1.11444,-0.0590583,0,0,0,0,0,0,0,0,0,0,0,0,0,0,
4.301806926,0.67353,-0.300823,-2.92365,0.695028,0.464457,-1.10722,-0.061815,0.669583,-0.295291,-2.94716,0.694893,0.455209,-1.11444,-0.0594418,0,0,0,0,0,0,0,0,0,0,0,0,0,0,
4.341849088,0.67353,-0.300823,-2.92365,0.695028,0.464457,-1.10722,-0.061815,0.669583,-0.295291,-2.94639,0.694893,0.455592,-1.11444,-0.0598253,0,0,0,0,0,0,0,0,0,0,0,0,0,0,
4.381853103,0.67353,-0.300823,-2.92365,0.695028,0.464457,-1.10722,-0.061815,0.669966,-0.295675,-2.94563,0.695277,0.455592,-1.11405,-0.0598253,0,0,0,0,0,0,0,0,0,0,0,0,0,0,
4.421809911,0.67353,-0.300823,-2.92365,0.695028,0.464457,-1.10722,-0.061815,0.669966,-0.296058,-2.94486,0.69566,0.455976,-1.11367,-0.0594418,0,0,0,0,0,0,0,0,0,0,0,0,0,0,
4.461818933,0.67353,-0.300823,-2.92365,0.695028,0.464457,-1.10722,-0.061815,0.669583,-0.296442,-2.94294,0.694893,0.455209,-1.11444,-0.0594418,0,0,0,0,0,0,0,0,0,0,0,0,0,0,
4.501790046,0.67353,-0.300823,-2.92365,0.695028,0.464457,-1.10722,-0.061815,0.669966,-0.295675,-2.94333,0.696427,0.455209,-1.11405,-0.0586748,0,0,0,0,0,0,0,0,0,0,0,0,0,0,
4.541805982,0.67353,-0.300823,-2.92365,0.695028,0.464457,-1.10722,-0.061815,0.669966,-0.295675,-2.94218,0.696811,0.455592,-1.11367,-0.0590583,0,0,0,0,0,0,0,0,0,0,0,0,0,0,
4.581760883,0.67353,-0.300823,-2.92365,0.695028,0.464457,-1.10722,-0.061815,0.67035,-0.296058,-2.94179,0.697194,0.455976,-1.11367,-0.0590583,0,0,0,0,0,0,0,0,0,0,0,0,0,0,
4.621757030,0.67353,-0.300823,-2.92365,0.695028,0.464457,-1.10722,-0.061815,0.669966,-0.295675,-2.93949,0.698345,0.455976,-1.11405,-0.0598253,0,0,0,0,0,0,0,0,0,0,0,0,0,0,
4.661756992,0.67353,-0.300823,-2.92365,0.695028,0.464457,-1.10722,-0.061815,0.669966,-0.296058,-2.93872,0.697578,0.456359,-1.11367,-0.0594418,0,0,0,0,0,0,0,0,0,0,0,0,0,0,
4.701834917,0.67353,-0.300823,-2.92365,0.695028,0.464457,-1.10722,-0.061815,0.670733,-0.296442,-2.93796,0.698728,0.45751,-1.11444,-0.0594418,0,0,0,0,0,0,0,0,0,0,0,0,0,0,
4.741745948,0.67353,-0.300823,-2.92365,0.695028,0.464457,-1.10722,-0.061815,0.67035,-0.295675,-2.93757,0.697961,0.456743,-1.11329,-0.0590583,0,0,0,0,0,0,0,0,0,0,0,0,0,0,
4.781749010,0.67353,-0.300823,-2.92365,0.695028,0.464457,-1.10722,-0.061815,0.670733,-0.295675,-2.93681,0.698345,0.456743,-1.11405,-0.0598253,0,0,0,0,0,0,0,0,0,0,0,0,0,0,
4.821755886,0.67353,-0.300823,-2.92365,0.695028,0.464457,-1.10722,-0.061815,0.669966,-0.295675,-2.93796,0.698728,0.456743,-1.11405,-0.0598253,0,0,0,0,0,0,0,0,0,0,0,0,0,0,
4.861766099,0.67353,-0.300823,-2.92365,0.695028,0.464457,-1.10722,-0.061815,0.669966,-0.296442,-2.93566,0.697194,0.456743,-1.11444,-0.0590583,0,0,0,0,0,0,0,0,0,0,0,0,0,0,
4.901797056,0.67353,-0.300823,-2.92365,0.695028,0.464457,-1.10722,-0.061815,0.67035,-0.295291,-2.93604,0.697961,0.456743,-1.11329,-0.0590583,0,0,0,0,0,0,0,0,0,0,0,0,0,0,
4.941756010,0.67353,-0.300823,-2.92365,0.695028,0.464457,-1.10722,-0.061815,0.67035,-0.296058,-2.93527,0.698345,0.45751,-1.11405,-0.0594418,0,0,0,0,0,0,0,0,0,0,0,0,0,0,
4.981775999,0.67353,-0.300823,-2.92365,0.695028,0.464457,-1.10722,-0.061815,0.670733,-0.295291,-2.93374,0.697961,0.456359,-1.11367,-0.0602087,0,0,0,0,0,0,0,0,0,0,0,0,0,0,
